# Hanautomata English letter bigram LM v1 · log10 P(b|a) · add-0.5 smoothing
^ -1.015 -1.311 -1.231 -1.506 -1.610 -1.361 -1.668 -1.398 -1.133 -1.968 -2.005 -1.547 -1.351 -1.526 -1.177 -1.337 -2.797 -1.493 -1.153 -0.854 -1.878 -2.036 -1.280 -3.387 -2.310 -2.905 -7.546
a -2.953 -1.797 -1.433 -1.498 -2.467 -2.052 -1.639 -2.468 -1.554 -2.755 -1.903 -0.968 -1.322 -0.677 -3.064 -1.733 -3.199 -0.920 -1.003 -0.973 -1.754 -1.798 -2.191 -2.755 -1.611 -2.466 -1.281
b -0.882 -2.031 -2.282 -2.654 -0.578 -3.147 -3.381 -2.820 -1.193 -2.381 -3.635 -1.137 -2.875 -3.041 -0.917 -3.381 -4.673 -1.099 -1.362 -2.667 -1.056 -3.443 -3.215 -4.224 -1.098 -3.873 -1.589
c -0.784 -3.238 -1.866 -2.905 -0.854 -3.506 -3.431 -0.815 -1.153 -4.402 -1.407 -1.405 -3.050 -3.329 -0.780 -3.409 -3.121 -1.475 -2.016 -1.100 -1.540 -3.852 -3.336 -4.327 -2.091 -3.025 -1.321
d -1.107 -3.029 -2.803 -2.062 -0.809 -2.862 -2.317 -2.649 -1.008 -3.132 -3.676 -2.285 -2.503 -2.640 -1.382 -3.267 -3.514 -1.679 -1.555 -2.881 -1.533 -2.576 -2.471 -4.160 -1.961 -3.633 -0.303
e -1.308 -2.189 -1.567 -1.144 -1.713 -1.957 -2.078 -2.845 -1.970 -3.474 -2.765 -1.449 -1.668 -1.073 -2.027 -1.982 -2.866 -0.819 -1.048 -1.597 -2.426 -1.883 -2.132 -2.023 -1.917 -3.084 -0.499
f -1.272 -3.280 -2.802 -3.624 -1.008 -1.379 -3.045 -3.547 -0.992 -4.066 -3.627 -1.581 -3.322 -3.715 -0.770 -3.668 -5.059 -1.018 -2.593 -1.390 -1.654 -4.168 -3.700 -4.165 -2.779 -4.461 -0.468
g -1.070 -2.596 -3.172 -2.304 -0.731 -3.116 -2.022 -1.123 -1.170 -3.381 -3.456 -1.468 -2.605 -1.581 -1.202 -3.116 -4.203 -1.109 -1.600 -2.218 -1.258 -3.763 -2.600 -3.988 -1.889 -3.658 -0.584
h -0.911 -2.939 -3.369 -3.065 -0.330 -3.331 -3.996 -3.832 -0.962 -4.386 -3.537 -2.421 -2.601 -2.214 -1.154 -3.238 -3.380 -1.847 -2.455 -1.738 -1.810 -3.717 -2.624 -5.120 -2.025 -4.112 -0.824
i -1.330 -2.139 -1.090 -1.538 -1.361 -1.824 -1.592 -3.311 -2.440 -3.118 -2.152 -1.301 -1.538 -0.615 -1.189 -1.980 -2.927 -1.436 -0.875 -0.951 -2.440 -1.568 -3.355 -2.540 -3.277 -2.235 -1.712
j -0.553 -3.091 -3.208 -2.957 -0.844 -3.131 -3.516 -2.711 -1.361 -2.945 -2.803 -3.287 -2.910 -2.775 -0.618 -1.322 -4.984 -2.074 -2.380 -2.896 -0.693 -3.153 -3.654 -4.642 -3.196 -3.797 -1.831
k -1.155 -2.655 -3.032 -2.723 -0.605 -2.781 -2.384 -1.786 -0.804 -3.220 -2.487 -1.773 -2.017 -1.280 -1.413 -2.846 -4.473 -1.927 -1.192 -2.425 -1.709 -3.227 -2.272 -3.800 -1.729 -4.077 -0.602
l -0.878 -2.165 -2.555 -1.395 -0.763 -2.189 -2.560 -3.029 -0.894 -3.676 -2.375 -0.951 -2.212 -2.970 -1.132 -2.246 -4.592 -2.952 -1.432 -1.712 -1.574 -2.257 -2.699 -4.344 -1.264 -3.249 -0.803
m -0.675 -1.402 -2.511 -3.313 -0.625 -3.178 -3.237 -3.481 -1.043 -4.008 -3.618 -2.886 -1.547 -2.632 -0.961 -1.205 -4.548 -2.760 -1.647 -3.069 -1.382 -3.598 -3.208 -4.079 -1.951 -4.034 -0.876
n -1.295 -2.404 -1.374 -0.834 -1.123 -2.332 -1.025 -2.695 -1.339 -2.870 -2.222 -2.244 -2.508 -1.898 -1.361 -3.298 -3.376 -2.810 -1.357 -1.048 -2.008 -2.457 -3.011 -3.695 -1.912 -2.864 -0.526
o -2.112 -1.991 -1.736 -1.680 -2.314 -0.989 -1.934 -2.370 -2.059 -3.076 -2.065 -1.324 -1.214 -0.770 -1.604 -1.496 -3.786 -0.842 -1.499 -1.315 -1.152 -1.621 -1.460 -2.521 -2.365 -3.043 -0.982
p -0.832 -3.161 -3.038 -2.956 -0.758 -3.079 -2.205 -1.338 -1.188 -4.112 -3.274 -0.942 -2.513 -3.028 -0.941 -1.457 -4.826 -0.917 -1.702 -1.536 -1.388 -3.644 -3.215 -3.705 -2.344 -3.723 -1.140
q -1.693 -2.686 -3.234 -3.276 -2.829 -3.629 -3.851 -3.287 -1.706 -4.132 -3.851 -2.857 -3.018 -3.582 -2.845 -3.655 -3.006 -2.364 -2.716 -3.265 -0.044 -2.930 -3.050 -3.501 -4.474 -4.328 -1.453
r -1.071 -2.293 -1.822 -1.591 -0.709 -2.418 -1.808 -2.710 -0.981 -3.802 -1.905 -1.813 -1.638 -1.590 -1.031 -2.404 -3.651 -1.830 -1.294 -1.313 -1.730 -2.227 -2.741 -3.930 -1.496 -3.303 -0.697
s -1.573 -2.790 -1.720 -3.158 -1.049 -2.889 -3.370 -1.216 -1.176 -4.161 -2.248 -2.076 -2.090 -2.709 -1.273 -1.587 -2.861 -2.958 -1.463 -0.862 -1.584 -3.242 -2.433 -4.937 -2.199 -3.530 -0.378
t -1.253 -2.451 -2.423 -3.569 -0.923 -3.216 -3.545 -0.534 -1.023 -4.320 -3.825 -2.022 -2.573 -2.940 -1.049 -3.433 -4.936 -1.382 -1.531 -1.820 -1.690 -3.119 -2.097 -4.745 -1.698 -2.888 -0.723
u -1.355 -1.539 -1.362 -1.524 -1.354 -2.396 -1.449 -2.801 -1.527 -3.025 -2.122 -1.122 -1.305 -0.839 -2.617 -1.417 -3.737 -0.859 -0.811 -1.012 -3.341 -2.605 -3.314 -2.631 -2.660 -2.715 -1.715
v -0.997 -3.557 -3.285 -2.777 -0.252 -3.671 -2.863 -3.009 -0.623 -4.223 -3.772 -2.733 -3.671 -3.183 -1.249 -3.281 -5.390 -2.667 -2.488 -3.619 -2.609 -3.836 -3.673 -4.099 -2.154 -4.480 -1.672
w -0.619 -2.999 -2.990 -2.832 -0.781 -2.922 -3.697 -0.922 -0.820 -4.329 -2.888 -2.313 -3.232 -1.320 -0.966 -3.480 -4.504 -1.509 -1.543 -2.670 -3.093 -4.336 -2.500 -4.820 -2.664 -4.668 -1.064
x -0.906 -2.364 -1.393 -3.171 -1.133 -2.076 -3.656 -2.044 -0.811 -3.841 -2.993 -2.375 -2.774 -3.283 -1.600 -0.918 -3.680 -3.352 -2.799 -0.824 -1.629 -2.296 -2.678 -2.181 -1.724 -3.897 -0.653
y -1.651 -2.489 -2.059 -2.177 -1.155 -3.031 -2.572 -3.189 -1.950 -3.889 -3.122 -1.863 -1.818 -1.963 -1.475 -1.775 -4.880 -2.081 -1.357 -2.116 -2.348 -3.319 -2.510 -3.376 -3.280 -2.899 -0.147
z -0.766 -2.004 -2.635 -2.547 -0.533 -3.245 -2.482 -1.720 -0.846 -3.570 -2.321 -2.093 -2.384 -2.354 -1.041 -2.826 -3.162 -2.565 -2.346 -2.251 -1.414 -2.727 -2.507 -3.488 -1.755 -1.406 -0.898
